1761666620038 0.340129831793051 1
1761666620362 0.308160108319906 2
1761666620677 0.3931234747258316 3
1761666620991 0.3935633747014591 4
1761666621289 0.3328089225817544 5
1761666621586 0.43245897702168107 6
1761666621868 0.3766152090431171 7
1761666622156 0.41045510707419636 8
1761666622462 0.40800601065767356 9
1761666622762 0.4299868983884945 10
1761666623044 0.42496463920564614 11
1761666623338 0.451494871994071 12
1761666623653 0.43748361185615137 13
1761666623962 0.4574209541667463 14
1761666624252 0.43687966595345085 15
1761666624535 0.45936991197377114 16
1761666624847 0.442823956780862 17
1761666625131 0.4590672468600184 18
1761666625424 0.4723181457175265 19
1761666625708 0.4660812943404456 20
1761666626018 0.48272171161818206 21
1761666626345 0.4778345075254147 22
1761666626670 0.5030278959844271 23
1761666627032 0.41710601304750794 24
1761666627321 0.49474764577739405 25
