1761666607684 0.38394798154315063 1
1761666607860 0.386503662420047 2
1761666608040 0.38232803199386245 3
1761666608223 0.39678778803960096 4
1761666608427 0.3927423483110631 5
1761666608636 0.42091052953672764 6
1761666608859 0.42134337637224023 7
1761666609049 0.4442617957500355 8
1761666609255 0.45071367754984576 9
1761666609458 0.41637960241192723 10
1761666609649 0.43786828667220434 11
1761666609840 0.4380491885950539 12
1761666610061 0.4438035817312936 13
1761666610260 0.4637526752051852 14
1761666610478 0.4520527718611149 15
1761666610699 0.46381384957433386 16
1761666610925 0.4668555795444648 17
1761666611189 0.47090968261318095 18
1761666611393 0.4706327213935031 19
1761666611591 0.4729278396139682 20
1761666611794 0.5024572138452214 21
1761666612005 0.4472192595573157 22
1761666612249 0.4926186750760407 23
1761666612442 0.47769662214379793 24
1761666612629 0.5001772873235092 25
