1761666641019 0.3303829568823587 1
1761666641251 0.3847836225653363 2
1761666641476 0.3812233763396377 3
1761666641718 0.41269669647938784 4
1761666641993 0.42212473461781636 5
1761666642222 0.42738295315650876 6
1761666642546 0.41888557785069885 7
1761666642856 0.43531493522044057 8
1761666643135 0.430681822659248 9
1761666643366 0.4415390991517369 10
1761666643562 0.4230391408483218 11
1761666643760 0.4607330981146518 12
1761666643938 0.46298372606054583 13
1761666644153 0.46723907250171665 14
1761666644353 0.4656529897058947 15
1761666644553 0.45916230274190767 16
1761666644743 0.48349231221610917 17
1761666644941 0.4762676387319682 18
1761666645131 0.480266994621169 19
1761666645338 0.4879933263081437 20
1761666645545 0.47711585381103133 21
1761666645738 0.4823592168132406 22
1761666645932 0.4959407518748298 23
1761666646101 0.4692425982820616 24
1761666646299 0.49625846070190227 25
