1761627422891 0.25 1
1761627422902 0.25 2
1761627422914 0.6666666666666666 3
1761627422927 0.6666666666666666 4
1761627422940 0.6666666666666666 5
1761627422954 0.6666666666666666 6
1761627422968 0.6666666666666666 7
1761627422981 1.0 8
1761627422985 1.0 9
1761627422998 1.0 10
1761627423014 1.0 11
1761627423030 1.0 12
1761627423042 1.0 13
1761627423052 1.0 14
1761627423062 1.0 15
1761627423073 1.0 16
1761627423081 1.0 17
1761627423097 1.0 18
1761627423111 1.0 19
1761627423123 1.0 20
1761627423133 1.0 21
1761627423142 1.0 22
1761627423154 1.0 23
1761627423156 1.0 24
1761627423172 1.0 25
