1761628149864 0.3911523878248353 1
1761628150084 0.4072779021067909 2
1761628150267 0.3653420645483206 3
1761628150464 0.4141610677549354 4
1761628150655 0.3848096142280973 5
1761628150862 0.3959115144765914 6
1761628151062 0.4040197828051865 7
1761628151262 0.4378909390783375 8
1761628151474 0.4256010261180336 9
1761628151662 0.4220067430917808 10
1761628151840 0.4340252040820018 11
1761628152044 0.4358842791345338 12
1761628152234 0.454120878443333 13
1761628152425 0.4574484397350198 14
1761628152607 0.46439930142328234 15
1761628152796 0.4427228469820914 16
1761628152972 0.45778014711544496 17
1761628153158 0.46432376746292653 18
1761628153343 0.48149211493935673 19
1761628153517 0.47488017849042347 20
1761628153706 0.4843195742471444 21
1761628153887 0.4655293194068464 22
1761628154085 0.4867033821576448 23
1761628154270 0.4825993151251664 24
1761628154464 0.4862851693524793 25
