1761628180867 0.41026252555084436 1
1761628181060 0.3820611766853279 2
1761628181248 0.41347982191082333 3
1761628181425 0.3900002777241271 4
1761628181600 0.4203658217596619 5
1761628181796 0.4044048817603949 6
1761628182002 0.4245434088946138 7
1761628182202 0.39814904321967975 8
1761628182376 0.4463488133148172 9
1761628182572 0.43484085917002196 10
1761628182755 0.4373042579539535 11
1761628182950 0.4514154306687219 12
1761628183142 0.46436174168806765 13
1761628183318 0.438055471047689 14
1761628183497 0.4717937239827623 15
1761628183679 0.4705063327440587 16
1761628183868 0.44818356222496814 17
1761628184057 0.46307339859699875 18
1761628184255 0.4900295541751844 19
1761628184437 0.48682901781304383 20
1761628184619 0.4752074546790544 21
1761628184821 0.5027229550300859 22
1761628185000 0.49662796358161637 23
1761628185195 0.47919650912106326 24
1761628185395 0.48651279745001835 25
