1761628161504 0.33038195356476996 1
1761628161774 0.3967634865959771 2
1761628162044 0.3761903897151892 3
1761628162340 0.42798243590717694 4
1761628162612 0.4093456348610988 5
1761628162896 0.4385750681127553 6
1761628163177 0.4436506252841792 7
1761628163473 0.42276735099303275 8
1761628163797 0.43291352120213095 9
1761628164337 0.41779214181051527 10
1761628164683 0.4119372419359888 11
1761628164969 0.4349148005689441 12
1761628165289 0.4408340273745681 13
1761628165596 0.45012199049278107 14
1761628165888 0.4746136924222939 15
1761628166168 0.4653782571353946 16
1761628166437 0.4306971534552259 17
1761628166727 0.48167080799038436 18
1761628167004 0.4671732083933093 19
1761628167279 0.4796788392864259 20
1761628167537 0.5013832369658885 21
1761628167817 0.4609379151629993 22
1761628168096 0.492193534685524 23
1761628168364 0.4762651343311208 24
1761628168633 0.49420296803539604 25
